58550
71779
10795
84121
55076
65510
87634
4248
56713
34160
78879
41713
58343
92623
75863
39172
78379
44254
49999
81357
80224
94450
75403
49810
55263
23633
16768
25205
28760
72338
98209
42758
89315
66741
2908
91285
38057
62813
55191
10885
18245
42615
32428
28523
68836
9517
61906
59563
75375
26535
23994
92053
43627
1486
71481
36650
13010
24994
3071
90847
19689
70943
84560
1381
17531
53363
10019
20845
27128
55922
32009
91914
73281
54936
45390
87168
78519
25245
96582
96913
35892
81178
60402
3265
2747
88708
89390
11506
91789
93727
21847
83198
52509
71659
58839
57526
10078
56302
45412
63521
